SKU CANDIDATE (Rank in order of importance)
4456421
4766421
8616048
8956048
7612182
6319962
8042644
8032644
5129905
6939904
4438239
9579904
2893090
2853090
6560353
6570353
6580353
5749904
5109905
5786627
5826627
4462521
4512521
4142521
98327
238327
5369905
6349904
6320353
6340353
6300353
5846627
1821637
5487088
2001637
6949904
5189905
5557088
6062521
6072521
6032521
1751939
1671939
2141939
7029904
5309905
5396691
4556691
5930076
5900076
6998362
6738362
6208362
7568362
7468362
8142644
8122644
7848362
6470353
6490353
2294387
6454101
558327
378327
7638092
7678092
8132644
772991
792991
7136239
7156239
4648362
5168362
4898362
2876140
2866140
1046672
1026672
6520353
5278362
3348362
5938362
4318362
5013475
834885
1783667
7814122
3472881
7409587
3988011
2716578
3908011
7382655
1069332
5453386
106343
2742876
2332876
2313881
7313673
